                                                               2018 AHRQ MEPS DATA USERS WORKSHOP                                                              1
                                          EXERCISE7.SAS: HOW TO CONSTRUCT INSURANCE STATUS VARIABLES, USING FY 15 DATA
                                                     CREATE COUNT VARIABLES FOR # OF MONTHS WITH INSURANCE

                                                                       The FREQ Procedure

                                                                 # OF MONTHS COV BY PRIVATE INSU
 
                                                                                     Cumulative    Cumulative
                                                   PRI_N    Frequency     Percent     Frequency      Percent
                                                   ----------------------------------------------------------
                                                       0       17182       48.50         17182        48.50  
                                                       1         146        0.41         17328        48.91  
                                                       2         169        0.48         17497        49.39  
                                                       3         239        0.67         17736        50.06  
                                                       4         306        0.86         18042        50.93  
                                                       5         383        1.08         18425        52.01  
                                                       6         313        0.88         18738        52.89  
                                                       7         275        0.78         19013        53.67  
                                                       8         271        0.76         19284        54.43  
                                                       9         333        0.94         19617        55.37  
                                                      10         431        1.22         20048        56.59  
                                                      11         449        1.27         20497        57.86  
                                                      12       14930       42.14         35427       100.00  


                                                                   # OF MONTHS COV BY ANY INSU
 
                                                                                     Cumulative    Cumulative
                                                   INS_N    Frequency     Percent     Frequency      Percent
                                                   ----------------------------------------------------------
                                                       0        4234       11.95          4234        11.95  
                                                       1         170        0.48          4404        12.43  
                                                       2         228        0.64          4632        13.07  
                                                       3         305        0.86          4937        13.94  
                                                       4         375        1.06          5312        14.99  
                                                       5         473        1.34          5785        16.33  
                                                       6         374        1.06          6159        17.39  
                                                       7         492        1.39          6651        18.77  
                                                       8         466        1.32          7117        20.09  
                                                       9         565        1.59          7682        21.68  
                                                      10         688        1.94          8370        23.63  
                                                      11         747        2.11          9117        25.73  
                                                      12       26310       74.27         35427       100.00  


                                                                    # OF MONTHS WITHOUT INSU
 
                                                                                      Cumulative    Cumulative
                                                  UNINS_N    Frequency     Percent     Frequency      Percent
                                                  ------------------------------------------------------------
                                                        0       27271       76.98         27271        76.98  
                                                        1         724        2.04         27995        79.02  
                                                        2         672        1.90         28667        80.92  
                                                        3         534        1.51         29201        82.43  
                                                        4         427        1.21         29628        83.63  
                                                        5         403        1.14         30031        84.77  
                                                        6         326        0.92         30357        85.69  
                                                        7         355        1.00         30712        86.69  
                                                        8         283        0.80         30995        87.49  
                                                        9         239        0.67         31234        88.16  
                                                       10         177        0.50         31411        88.66  
                                                       11         123        0.35         31534        89.01  
                                                       12        3893       10.99         35427       100.00  


                                                               2018 AHRQ MEPS DATA USERS WORKSHOP                                                              2
                                          EXERCISE7.SAS: HOW TO CONSTRUCT INSURANCE STATUS VARIABLES, USING FY 15 DATA
                                                     CREATE COUNT VARIABLES FOR # OF MONTHS WITH INSURANCE

                                                                       The FREQ Procedure

                                                                   # OF MONTHS COV BY MEDICAID
 
                                                                                     Cumulative    Cumulative
                                                   MCD_N    Frequency     Percent     Frequency      Percent
                                                   ----------------------------------------------------------
                                                       0       23821       67.24         23821        67.24  
                                                       1         132        0.37         23953        67.61  
                                                       2         194        0.55         24147        68.16  
                                                       3         246        0.69         24393        68.85  
                                                       4         238        0.67         24631        69.53  
                                                       5         308        0.87         24939        70.40  
                                                       6         257        0.73         25196        71.12  
                                                       7         349        0.99         25545        72.11  
                                                       8         375        1.06         25920        73.16  
                                                       9         357        1.01         26277        74.17  
                                                      10         419        1.18         26696        75.35  
                                                      11         400        1.13         27096        76.48  
                                                      12        8331       23.52         35427       100.00  


                                                                   # OF MONTHS COV BY MEDICARE
 
                                                                                     Cumulative    Cumulative
                                                   MCR_N    Frequency     Percent     Frequency      Percent
                                                   ----------------------------------------------------------
                                                       0       30093       84.94         30093        84.94  
                                                       1          24        0.07         30117        85.01  
                                                       2          33        0.09         30150        85.10  
                                                       3          37        0.10         30187        85.21  
                                                       4          60        0.17         30247        85.38  
                                                       5          60        0.17         30307        85.55  
                                                       6          53        0.15         30360        85.70  
                                                       7          38        0.11         30398        85.80  
                                                       8          43        0.12         30441        85.93  
                                                       9          29        0.08         30470        86.01  
                                                      10          42        0.12         30512        86.13  
                                                      11          57        0.16         30569        86.29  
                                                      12        4858       13.71         35427       100.00  


                                                                   # OF MONTHS COV BY TRICARE
 
                                                                                     Cumulative    Cumulative
                                                   TRI_N    Frequency     Percent     Frequency      Percent
                                                   ----------------------------------------------------------
                                                       0       34555       97.54         34555        97.54  
                                                       1          13        0.04         34568        97.58  
                                                       2          17        0.05         34585        97.62  
                                                       3          21        0.06         34606        97.68  
                                                       4          20        0.06         34626        97.74  
                                                       5          18        0.05         34644        97.79  
                                                       6          17        0.05         34661        97.84  
                                                       7          27        0.08         34688        97.91  
                                                       8           9        0.03         34697        97.94  
                                                       9          14        0.04         34711        97.98  
                                                      10          30        0.08         34741        98.06  
                                                      11          30        0.08         34771        98.15  
                                                      12         656        1.85         35427       100.00  


                                                               2018 AHRQ MEPS DATA USERS WORKSHOP                                                              3
                                          EXERCISE7.SAS: HOW TO CONSTRUCT INSURANCE STATUS VARIABLES, USING FY 15 DATA
                                                     CREATE COUNT VARIABLES FOR # OF MONTHS WITH INSURANCE

                                                                       The FREQ Procedure

                                                          # OF MONTHS COV BY OTHER PUBLIC A OR B INSU
 
                                                                                     Cumulative    Cumulative
                                                  OPAB_N    Frequency     Percent     Frequency      Percent
                                                  -----------------------------------------------------------
                                                       0       34902       98.52         34902        98.52  
                                                       1          26        0.07         34928        98.59  
                                                       2          40        0.11         34968        98.70  
                                                       3          37        0.10         35005        98.81  
                                                       4          57        0.16         35062        98.97  
                                                       5          55        0.16         35117        99.12  
                                                       6          27        0.08         35144        99.20  
                                                       7          27        0.08         35171        99.28  
                                                       8          24        0.07         35195        99.35  
                                                       9          18        0.05         35213        99.40  
                                                      10          33        0.09         35246        99.49  
                                                      11          31        0.09         35277        99.58  
                                                      12         150        0.42         35427       100.00  


                                                              # OF MONTHS COV BY PRIVATE GROUP INSU
 
                                                                                     Cumulative    Cumulative
                                                   GRP_N    Frequency     Percent     Frequency      Percent
                                                   ----------------------------------------------------------
                                                       0       18705       52.80         18705        52.80  
                                                       1         135        0.38         18840        53.18  
                                                       2         178        0.50         19018        53.68  
                                                       3         214        0.60         19232        54.29  
                                                       4         261        0.74         19493        55.02  
                                                       5         355        1.00         19848        56.03  
                                                       6         285        0.80         20133        56.83  
                                                       7         280        0.79         20413        57.62  
                                                       8         249        0.70         20662        58.32  
                                                       9         296        0.84         20958        59.16  
                                                      10         329        0.93         21287        60.09  
                                                      11         347        0.98         21634        61.07  
                                                      12       13793       38.93         35427       100.00  


                                                           # OF MONTHS COV BY PRIVATE NON-GROUP INSU
 
                                                                                    Cumulative    Cumulative
                                                   NG_N    Frequency     Percent     Frequency      Percent
                                                   ---------------------------------------------------------
                                                      0       32915       92.91         32915        92.91  
                                                      1          63        0.18         32978        93.09  
                                                      2          51        0.14         33029        93.23  
                                                      3          83        0.23         33112        93.47  
                                                      4         132        0.37         33244        93.84  
                                                      5         137        0.39         33381        94.22  
                                                      6          95        0.27         33476        94.49  
                                                      7          63        0.18         33539        94.67  
                                                      8          84        0.24         33623        94.91  
                                                      9          78        0.22         33701        95.13  
                                                     10         138        0.39         33839        95.52  
                                                     11         131        0.37         33970        95.89  
                                                     12        1457        4.11         35427       100.00  


                                                               2018 AHRQ MEPS DATA USERS WORKSHOP                                                              4
                                          EXERCISE7.SAS: HOW TO CONSTRUCT INSURANCE STATUS VARIABLES, USING FY 15 DATA
                                                     CREATE COUNT VARIABLES FOR # OF MONTHS WITH INSURANCE

                                                                       The FREQ Procedure

                                                                 # OF MONTHS COV BY PUBLIC INSU
 
                                                                                     Cumulative    Cumulative
                                                   PUB_N    Frequency     Percent     Frequency      Percent
                                                   ----------------------------------------------------------
                                                       0       19548       55.18         19548        55.18  
                                                       1         151        0.43         19699        55.60  
                                                       2         212        0.60         19911        56.20  
                                                       3         259        0.73         20170        56.93  
                                                       4         274        0.77         20444        57.71  
                                                       5         334        0.94         20778        58.65  
                                                       6         264        0.75         21042        59.40  
                                                       7         356        1.00         21398        60.40  
                                                       8         376        1.06         21774        61.46  
                                                       9         353        1.00         22127        62.46  
                                                      10         430        1.21         22557        63.67  
                                                      11         428        1.21         22985        64.88  
                                                      12       12442       35.12         35427       100.00  


                                                                   # OF MONTHS IN MEPS SURVEY
 
                                                                                     Cumulative    Cumulative
                                                   REF_N    Frequency     Percent     Frequency      Percent
                                                   ----------------------------------------------------------
                                                       1          88        0.25            88         0.25  
                                                       2         117        0.33           205         0.58  
                                                       3         136        0.38           341         0.96  
                                                       4         130        0.37           471         1.33  
                                                       5         148        0.42           619         1.75  
                                                       6         149        0.42           768         2.17  
                                                       7         142        0.40           910         2.57  
                                                       8         124        0.35          1034         2.92  
                                                       9         137        0.39          1171         3.31  
                                                      10         123        0.35          1294         3.65  
                                                      11         117        0.33          1411         3.98  
                                                      12       34016       96.02         35427       100.00  
                                                               2018 AHRQ MEPS DATA USERS WORKSHOP                                                              5
                                          EXERCISE7.SAS: HOW TO CONSTRUCT INSURANCE STATUS VARIABLES, USING FY 15 DATA
                                               SAMPLE DUMP TO CHECK THE COUNT VARIABLES (USING PRI_N AS EXMAPLE)

     DUPERSID    PRIJA15    PRIFE15    PRIMA15    PRIAP15    PRIMY15    PRIJU15    PRIJL15    PRIAU15    PRISE15    PRIOC15    PRINO15    PRIDE15    PRI_N

     60001101       2          2          2          2          2          2          2          2          2          2          2          2          0 
     60001102       2          2          2          2          2          2          2          2          2          2          2          2          0 
     60001103       1          1          1          1          1          1          1          1          1          1          1          1         12 
     60001104       2          2          2          2          2          2          2          2          2          2          2          2          0 
     60001105       2          2          2          2          2          2          2          2          2          2          2          2          0 
     60002101       2          2          2          2          2          2          2          2          2          2          2          2          0 
     60002102       2          2          2          2          2          2          2          2          2          2          2          2          0 
     60002103       2          2          2          2          2          2          2          2          2          2          2          2          0 
     60002104       2          2          2          2          2          2          2          2          2          2          2          2          0 
     60003101       1          1          1          1          1          1          1          1          1          1          1          1         12 
     60003102       1          1          1          1          1          1          1          1          1          1          1          1         12 
     60003103       1          1          1          1          1          1          1          1          1          1          1          1         12 
     60003104       1          1          1          1          1          1          1          1          1          1          1          1         12 
     60004101       1          1          1          1          1          1          1          1          1          1          1          1         12 
     60004102       2          2          2          2          2          2          2          2          2          2          2          2          0 
     60004103       2          2          2          2          2          2          2          2          2          2          2          2          0 
     60009101       1          1          1          1          1          1          1          1          1          1          1          1         12 
     60010101       2          2          1          1          1          1          1          1          1          1          1          1         10 
     60010103       2          2          2          2          2          2          2          2          2          2          2          2          0 
     60010106       2          2          2          2          2          2          2          2          2          2          2          2          0 
     60010107       2          2          2          2          2          2          2          2          2          2          2          2          0 
     60011101       2          1          1          1          1          1          1          1          1          1          1          1         11 
     60011102       2          1          1          1          1          1          1          1          1          1          1          1         11 
     60011103       2          1          1          1          1          1          1          1          1          1          1          1         11 
     60011104       2          1          1          1          1          1          1          1          1          1          1          1         11 
     60013101       1          1          1          1          1          1          1          1          1          1          1          1         12 
     60013102       1          1          1          1          1          1          1          1          1          1          1          1         12 
     60013103       1          1          1          1          1          1          1          1          1          1          1          1         12 
     60015101       2          2          2          2          2          2          2          2          2          1          1          1          3 
     60015102       1          1          1          1          1          1          1          1          1          1          1          1         12 
                                                               2018 AHRQ MEPS DATA USERS WORKSHOP                                                              6
                                          EXERCISE7.SAS: HOW TO CONSTRUCT INSURANCE STATUS VARIABLES, USING FY 15 DATA
                                                    SUPPORTING CROSSTABS TO VERIFY THE CREATION OF THE FLAGS

                                                                       The FREQ Procedure

                                                                      INSURED FOR FULL YEAR
 
                                                                                       Cumulative    Cumulative
                                                 FULL_INSU    Frequency     Percent     Frequency      Percent
                                                 --------------------------------------------------------------
                                                         0        8156       23.02          8156        23.02  
                                                         1       27271       76.98         35427       100.00  


                                                                                            Cumulative    Cumulative
                                           FULL_INSU    UNINS_N    Frequency     Percent     Frequency      Percent
                                           -------------------------------------------------------------------------
                                                   0          1         724        2.04           724         2.04  
                                                   0          2         672        1.90          1396         3.94  
                                                   0          3         534        1.51          1930         5.45  
                                                   0          4         427        1.21          2357         6.65  
                                                   0          5         403        1.14          2760         7.79  
                                                   0          6         326        0.92          3086         8.71  
                                                   0          7         355        1.00          3441         9.71  
                                                   0          8         283        0.80          3724        10.51  
                                                   0          9         239        0.67          3963        11.19  
                                                   0         10         177        0.50          4140        11.69  
                                                   0         11         123        0.35          4263        12.03  
                                                   0         12        3893       10.99          8156        23.02  
                                                   1          0       27271       76.98         35427       100.00  


                                                                                                Cumulative    Cumulative
                                        FULL_INSU    INS_N    REF_N    Frequency     Percent     Frequency      Percent
                                        --------------------------------------------------------------------------------
                                                0        0        1          31        0.09            31         0.09  
                                                0        0        2          45        0.13            76         0.21  
                                                0        0        3          47        0.13           123         0.35  
                                                0        0        4          38        0.11           161         0.45  
                                                0        0        5          24        0.07           185         0.52  
                                                0        0        6          48        0.14           233         0.66  
                                                0        0        7          16        0.05           249         0.70  
                                                0        0        8          15        0.04           264         0.75  
                                                0        0        9          31        0.09           295         0.83  
                                                0        0       10          28        0.08           323         0.91  
                                                0        0       11          18        0.05           341         0.96  
                                                0        0       12        3893       10.99          4234        11.95  
                                                0        1        2           3        0.01          4237        11.96  
                                                0        1        4           2        0.01          4239        11.97  
                                                0        1        7           1        0.00          4240        11.97  
                                                0        1        8           1        0.00          4241        11.97  
                                                0        1       10           1        0.00          4242        11.97  
                                                0        1       12         105        0.30          4347        12.27  
                                                0        2        3           1        0.00          4348        12.27  
                                                0        2        4           3        0.01          4351        12.28  
                                                0        2        5           1        0.00          4352        12.28  
                                                0        2        7           1        0.00          4353        12.29  
                                                0        2        8           1        0.00          4354        12.29  
                                                0        2       10           1        0.00          4355        12.29  
                                                0        2       11           2        0.01          4357        12.30  
                                                0        2       12         149        0.42          4506        12.72  
                                                0        3        4           1        0.00          4507        12.72  
                                                0        3        6           1        0.00          4508        12.72  
                                                0        3        7           3        0.01          4511        12.73  
                                                0        3        9           6        0.02          4517        12.75  
                                                0        3       10           1        0.00          4518        12.75  
                                                0        3       12         205        0.58          4723        13.33  
                                                0        4        5           5        0.01          4728        13.35  
                                                0        4        6           5        0.01          4733        13.36  
                                                0        4        7           3        0.01          4736        13.37  
                                                0        4        8           4        0.01          4740        13.38  
                                                0        4        9           1        0.00          4741        13.38  
                                                0        4       11           4        0.01          4745        13.39  
                                                0        4       12         267        0.75          5012        14.15  
                                                0        5        6           3        0.01          5015        14.16  
                                                0        5        7           4        0.01          5019        14.17  
                                                0        5        8           3        0.01          5022        14.18  
                                                0        5        9           7        0.02          5029        14.20  
                                                               2018 AHRQ MEPS DATA USERS WORKSHOP                                                              7
                                          EXERCISE7.SAS: HOW TO CONSTRUCT INSURANCE STATUS VARIABLES, USING FY 15 DATA
                                                    SUPPORTING CROSSTABS TO VERIFY THE CREATION OF THE FLAGS

                                                                       The FREQ Procedure

                                                                                                Cumulative    Cumulative
                                        FULL_INSU    INS_N    REF_N    Frequency     Percent     Frequency      Percent
                                        --------------------------------------------------------------------------------
                                                0        5       10           2        0.01          5031        14.20  
                                                0        5       11           3        0.01          5034        14.21  
                                                0        5       12         333        0.94          5367        15.15  
                                                0        6        7           5        0.01          5372        15.16  
                                                0        6        8           3        0.01          5375        15.17  
                                                0        6       10           4        0.01          5379        15.18  
                                                0        6       11           3        0.01          5382        15.19  
                                                0        6       12         267        0.75          5649        15.95  
                                                0        7        8           6        0.02          5655        15.96  
                                                0        7        9           4        0.01          5659        15.97  
                                                0        7       10           1        0.00          5660        15.98  
                                                0        7       12         372        1.05          6032        17.03  
                                                0        8        9           1        0.00          6033        17.03  
                                                0        8       10           2        0.01          6035        17.04  
                                                0        8       11           1        0.00          6036        17.04  
                                                0        8       12         371        1.05          6407        18.09  
                                                0        9       10           3        0.01          6410        18.09  
                                                0        9       12         475        1.34          6885        19.43  
                                                0       10       11           2        0.01          6887        19.44  
                                                0       10       12         606        1.71          7493        21.15  
                                                0       11       12         663        1.87          8156        23.02  
                                                1        1        1          57        0.16          8213        23.18  
                                                1        2        2          69        0.19          8282        23.38  
                                                1        3        3          88        0.25          8370        23.63  
                                                1        4        4          86        0.24          8456        23.87  
                                                1        5        5         118        0.33          8574        24.20  
                                                1        6        6          92        0.26          8666        24.46  
                                                1        7        7         109        0.31          8775        24.77  
                                                1        8        8          91        0.26          8866        25.03  
                                                1        9        9          87        0.25          8953        25.27  
                                                1       10       10          80        0.23          9033        25.50  
                                                1       11       11          84        0.24          9117        25.73  
                                                1       12       12       26310       74.27         35427       100.00  


                                                                 EVER INSURED BY PRIVATE GROUP
 
                                                                                       Cumulative    Cumulative
                                                GROUP_INS1    Frequency     Percent     Frequency      Percent
                                                ---------------------------------------------------------------
                                                         0       18705       52.80         18705        52.80  
                                                         1       16722       47.20         35427       100.00  


                                                                                            Cumulative    Cumulative
                                            GROUP_INS1    GRP_N    Frequency     Percent     Frequency      Percent
                                            ------------------------------------------------------------------------
                                                     0        0       18705       52.80         18705        52.80  
                                                     1        1         135        0.38         18840        53.18  
                                                     1        2         178        0.50         19018        53.68  
                                                     1        3         214        0.60         19232        54.29  
                                                     1        4         261        0.74         19493        55.02  
                                                     1        5         355        1.00         19848        56.03  
                                                     1        6         285        0.80         20133        56.83  
                                                     1        7         280        0.79         20413        57.62  
                                                     1        8         249        0.70         20662        58.32  
                                                     1        9         296        0.84         20958        59.16  
                                                     1       10         329        0.93         21287        60.09  
                                                     1       11         347        0.98         21634        61.07  
                                                     1       12       13793       38.93         35427       100.00  


                                                             INSURED BY PRIVATE GROUP FOR FULL YEAR
 
                                                                                       Cumulative    Cumulative
                                                GROUP_INS2    Frequency     Percent     Frequency      Percent
                                                ---------------------------------------------------------------
                                                         0       21272       60.04         21272        60.04  
                                                         1       14155       39.96         35427       100.00  
                                                               2018 AHRQ MEPS DATA USERS WORKSHOP                                                              8
                                          EXERCISE7.SAS: HOW TO CONSTRUCT INSURANCE STATUS VARIABLES, USING FY 15 DATA
                                                    SUPPORTING CROSSTABS TO VERIFY THE CREATION OF THE FLAGS

                                                                       The FREQ Procedure

                                                                                                Cumulative    Cumulative
                                       GROUP_INS2    GRP_N    REF_N    Frequency     Percent     Frequency      Percent
                                       ---------------------------------------------------------------------------------
                                                0        0        1          69        0.19            69         0.19  
                                                0        0        2          88        0.25           157         0.44  
                                                0        0        3         101        0.29           258         0.73  
                                                0        0        4          95        0.27           353         1.00  
                                                0        0        5          97        0.27           450         1.27  
                                                0        0        6          93        0.26           543         1.53  
                                                0        0        7          93        0.26           636         1.80  
                                                0        0        8          86        0.24           722         2.04  
                                                0        0        9          88        0.25           810         2.29  
                                                0        0       10          88        0.25           898         2.53  
                                                0        0       11          85        0.24           983         2.77  
                                                0        0       12       17722       50.02         18705        52.80  
                                                0        1        2           2        0.01         18707        52.80  
                                                0        1        4           1        0.00         18708        52.81  
                                                0        1        5           4        0.01         18712        52.82  
                                                0        1        9           1        0.00         18713        52.82  
                                                0        1       12         108        0.30         18821        53.13  
                                                0        2        3           1        0.00         18822        53.13  
                                                0        2        4           1        0.00         18823        53.13  
                                                0        2        5           1        0.00         18824        53.13  
                                                0        2        8           1        0.00         18825        53.14  
                                                0        2       10           2        0.01         18827        53.14  
                                                0        2       12         145        0.41         18972        53.55  
                                                0        3        4           1        0.00         18973        53.56  
                                                0        3        5           1        0.00         18974        53.56  
                                                0        3        7           2        0.01         18976        53.56  
                                                0        3        9           1        0.00         18977        53.57  
                                                0        3       10           1        0.00         18978        53.57  
                                                0        3       12         174        0.49         19152        54.06  
                                                0        4        5           3        0.01         19155        54.07  
                                                0        4        6           2        0.01         19157        54.07  
                                                0        4        7           3        0.01         19160        54.08  
                                                0        4        8           2        0.01         19162        54.09  
                                                0        4       10           1        0.00         19163        54.09  
                                                0        4       11           4        0.01         19167        54.10  
                                                0        4       12         214        0.60         19381        54.71  
                                                0        5        6           2        0.01         19383        54.71  
                                                0        5        7           4        0.01         19387        54.72  
                                                0        5        8           1        0.00         19388        54.73  
                                                0        5        9           6        0.02         19394        54.74  
                                                0        5       10           3        0.01         19397        54.75  
                                                0        5       11           2        0.01         19399        54.76  
                                                0        5       12         295        0.83         19694        55.59  
                                                0        6        7           1        0.00         19695        55.59  
                                                0        6        8           1        0.00         19696        55.60  
                                                0        6        9           1        0.00         19697        55.60  
                                                0        6       10           1        0.00         19698        55.60  
                                                0        6       12         229        0.65         19927        56.25  
                                                0        7        8           4        0.01         19931        56.26  
                                                0        7        9           2        0.01         19933        56.26  
                                                0        7       12         235        0.66         20168        56.93  
                                                0        8        9           1        0.00         20169        56.93  
                                                0        8       10           1        0.00         20170        56.93  
                                                0        8       12         218        0.62         20388        57.55  
                                                0        9       11           1        0.00         20389        57.55  
                                                0        9       12         258        0.73         20647        58.28  
                                                0       10       12         303        0.86         20950        59.14  
                                                0       11       12         322        0.91         21272        60.04  
                                                1        1        1          19        0.05         21291        60.10  
                                                1        2        2          27        0.08         21318        60.17  
                                                1        3        3          34        0.10         21352        60.27  
                                                1        4        4          32        0.09         21384        60.36  
                                                1        5        5          42        0.12         21426        60.48  
                                                1        6        6          52        0.15         21478        60.63  
                                                1        7        7          39        0.11         21517        60.74  
                                                1        8        8          29        0.08         21546        60.82  
                                                1        9        9          37        0.10         21583        60.92  
                                                1       10       10          26        0.07         21609        61.00  
                                                1       11       11          25        0.07         21634        61.07  
                                                1       12       12       13793       38.93         35427       100.00  
                                                               2018 AHRQ MEPS DATA USERS WORKSHOP                                                              9
                                          EXERCISE7.SAS: HOW TO CONSTRUCT INSURANCE STATUS VARIABLES, USING FY 15 DATA
                                                    SUPPORTING CROSSTABS TO VERIFY THE CREATION OF THE FLAGS

                                                                       The FREQ Procedure

                                                               EVER INSURED BY PRIVATE NON-GROUP
 
                                                                                     Cumulative    Cumulative
                                                  NG_INS    Frequency     Percent     Frequency      Percent
                                                  -----------------------------------------------------------
                                                       0       32915       92.91         32915        92.91  
                                                       1        2512        7.09         35427       100.00  


                                                                                         Cumulative    Cumulative
                                              NG_INS    NG_N    Frequency     Percent     Frequency      Percent
                                              -------------------------------------------------------------------
                                                   0       0       32915       92.91         32915        92.91  
                                                   1       1          63        0.18         32978        93.09  
                                                   1       2          51        0.14         33029        93.23  
                                                   1       3          83        0.23         33112        93.47  
                                                   1       4         132        0.37         33244        93.84  
                                                   1       5         137        0.39         33381        94.22  
                                                   1       6          95        0.27         33476        94.49  
                                                   1       7          63        0.18         33539        94.67  
                                                   1       8          84        0.24         33623        94.91  
                                                   1       9          78        0.22         33701        95.13  
                                                   1      10         138        0.39         33839        95.52  
                                                   1      11         131        0.37         33970        95.89  
                                                   1      12        1457        4.11         35427       100.00  
                                                               2018 AHRQ MEPS DATA USERS WORKSHOP                                                             10
                                          EXERCISE7.SAS: HOW TO CONSTRUCT INSURANCE STATUS VARIABLES, USING FY 15 DATA
                                                                   % AND POPULATION WITH INSU

                                                                   The SURVEYMEANS Procedure

                                                                          Data Summary

                                                      Number of Strata                                 165
                                                      Number of Clusters                               369
                                                      Number of Observations                         35427
                                                      Number of Observations Used                    33893
                                                      Number of Obs with Nonpositive Weights          1534
                                                      Sum of Weights                             321423251


                                                                           Statistics
 
                                                                                    Sum of                       Std Error                       Std Error
      Variable      Label                                                N         Weights            Mean         of Mean             Sum          of Sum
      ----------------------------------------------------------------------------------------------------------------------------------------------------
      FULL_INSU     INSURED FOR FULL YEAR                            33893       321423251        0.822103        0.004876       264243123         6380117
      GROUP_INS1    EVER INSURED BY PRIVATE GROUP                    33893       321423251        0.594406        0.008005       191056055         5776071
      GROUP_INS2    INSURED BY PRIVATE GROUP FOR FULL YEAR           33893       321423251        0.516621        0.007646       166053963         5127080
      NG_INS        EVER INSURED BY PRIVATE NON-GROUP                33893       321423251        0.090758        0.003628        29171728         1292574
      ----------------------------------------------------------------------------------------------------------------------------------------------------
                                                               2018 AHRQ MEPS DATA USERS WORKSHOP                                                             11
                                          EXERCISE7.SAS: HOW TO CONSTRUCT INSURANCE STATUS VARIABLES, USING FY 15 DATA
                                                                   % AND POPULATION WITH INSU

                                                                   The SURVEYMEANS Procedure

                                                                 Statistics for RACETHX Domains
 
 RACE/ETHNICITY
 (EDITED/                                                                                    Sum of                     Std Error                     Std Error
 IMPUTED)         Variable     Label                                               N        Weights           Mean        of Mean            Sum         of Sum
 --------------------------------------------------------------------------------------------------------------------------------------------------------------
 1 HISPANIC       FULL_INSU    INSURED FOR FULL YEAR                           11068       57063251       0.682578       0.010694       38950120        2229921
                  GROUP_INS1   EVER INSURED BY PRIVATE GROUP                   11068       57063251       0.419398       0.014257       23932241        1499004
                  GROUP_INS2   INSURED BY PRIVATE GROUP FOR FULL YEAR          11068       57063251       0.347345       0.012612       19820642        1248024
                  NG_INS       EVER INSURED BY PRIVATE NON-GROUP               11068       57063251       0.046007       0.003745        2625282         275959
 2 WHITE          FULL_INSU    INSURED FOR FULL YEAR                           12565      194013304       0.867428       0.005643      168292666        5313767
                  GROUP_INS1   EVER INSURED BY PRIVATE GROUP                   12565      194013304       0.662127       0.009217      128461479        4868012
                  GROUP_INS2   INSURED BY PRIVATE GROUP FOR FULL YEAR          12565      194013304       0.584405       0.008925      113382282        4386287
                  NG_INS       EVER INSURED BY PRIVATE NON-GROUP               12565      194013304       0.112172       0.005628       21762770        1194577
 3 BLACK          FULL_INSU    INSURED FOR FULL YEAR                            6551       39532988       0.784068       0.007889       30996541        1642401
                  GROUP_INS1   EVER INSURED BY PRIVATE GROUP                    6551       39532988       0.490022       0.014922       19372035        1048198
                  GROUP_INS2   INSURED BY PRIVATE GROUP FOR FULL YEAR           6551       39532988       0.402067       0.012814       15894924         891708
                  NG_INS       EVER INSURED BY PRIVATE NON-GROUP                6551       39532988       0.053230       0.003674        2104322         162818
 4 ASIAN          FULL_INSU    INSURED FOR FULL YEAR                            2464       17835787       0.855344       0.011147       15255729        1412252
                  GROUP_INS1   EVER INSURED BY PRIVATE GROUP                    2464       17835787       0.635319       0.023777       11331412        1167388
                  GROUP_INS2   INSURED BY PRIVATE GROUP FOR FULL YEAR           2464       17835787       0.573825       0.023911       10234624        1088710
                  NG_INS       EVER INSURED BY PRIVATE NON-GROUP                2464       17835787       0.118399       0.014517        2111742         264823
 5 OTHER RACE     FULL_INSU    INSURED FOR FULL YEAR                            1245       12977919       0.828181       0.023337       10748068        1069816
                  GROUP_INS1   EVER INSURED BY PRIVATE GROUP                    1245       12977919       0.613264       0.026607        7958888         840897
                  GROUP_INS2   INSURED BY PRIVATE GROUP FOR FULL YEAR           1245       12977919       0.517917       0.038913        6721491         665306
                  NG_INS       EVER INSURED BY PRIVATE NON-GROUP                1245       12977919       0.043737       0.007879         567613         103025
 --------------------------------------------------------------------------------------------------------------------------------------------------------------
